9.08 0.0 0.0
0.0 9.08 0.0
0.0 0.0 6.36
0.00000 0.00000 0.00000 0
0.25000 0.25000 0.25000 0
0.00000 0.00000 0.50000 0
0.25000 0.25000 0.75000 0
0.00000 0.50000 0.00000 0
0.25000 0.75000 0.25000 0
0.00000 0.50000 0.50000 0
0.25000 0.75000 0.75000 0
0.50000 0.00000 0.00000 0
0.75000 0.25000 0.25000 0
0.50000 0.00000 0.50000 0
0.75000 0.25000 0.75000 0
0.50000 0.50000 0.00000 0
0.75000 0.75000 0.25000 0
0.50000 0.50000 0.50000 0
0.75000 0.75000 0.75000 0
0.15500 0.15500 0.00000 0
-0.15500 -0.15500 0.00000 0
0.40500 0.09500 0.25000 0
0.09500 0.40500 0.25000 0
0.15500 0.15500 0.50000 0
-0.15500 -0.15500 0.50000 0
0.40500 0.09500 0.75000 0
0.09500 0.40500 0.75000 0
0.15500 0.65500 0.00000 0
-0.15500 0.34500 0.00000 0
0.40500 0.59500 0.25000 0
0.09500 0.90500 0.25000 0
0.15500 0.65500 0.50000 0
-0.15500 0.34500 0.50000 0
0.40500 0.59500 0.75000 0
0.09500 0.90500 0.75000 0
0.65500 0.15500 0.00000 0
0.34500 -0.15500 0.00000 0
0.90500 0.09500 0.25000 0
0.59500 0.40500 0.25000 0
0.65500 0.15500 0.50000 0
0.34500 -0.15500 0.50000 0
0.90500 0.09500 0.75000 0
0.59500 0.40500 0.75000 0
0.65500 0.65500 0.00000 0
0.34500 0.34500 0.00000 0
0.90500 0.59500 0.25000 0
0.59500 0.90500 0.25000 0
0.65500 0.65500 0.50000 0
0.34500 0.34500 0.50000 0
0.90500 0.59500 0.75000 0
0.59500 0.90500 0.75000 0
