9.9 0.0 0.0
0.0 9.9 0.0
0.0 0.0 5.36
0.00000 0.00000 0.00000 0
0.25000 0.25000 0.25000 0
0.00000 0.00000 0.50000 0
0.25000 0.25000 0.75000 0
0.00000 0.50000 0.00000 0
0.25000 0.75000 0.25000 0
0.00000 0.50000 0.50000 0
0.25000 0.75000 0.75000 0
0.50000 0.00000 0.00000 0
0.75000 0.25000 0.25000 0
0.50000 0.00000 0.50000 0
0.75000 0.25000 0.75000 0
0.50000 0.50000 0.00000 0
0.75000 0.75000 0.25000 0
0.50000 0.50000 0.50000 0
0.75000 0.75000 0.75000 0
0.14000 0.14000 0.00000 0
-0.14000 -0.14000 0.00000 0
0.39000 0.11000 0.25000 0
0.11000 0.39000 0.25000 0
0.14000 0.14000 0.50000 0
-0.14000 -0.14000 0.50000 0
0.39000 0.11000 0.75000 0
0.11000 0.39000 0.75000 0
0.14000 0.64000 0.00000 0
-0.14000 0.36000 0.00000 0
0.39000 0.61000 0.25000 0
0.11000 0.89000 0.25000 0
0.14000 0.64000 0.50000 0
-0.14000 0.36000 0.50000 0
0.39000 0.61000 0.75000 0
0.11000 0.89000 0.75000 0
0.64000 0.14000 0.00000 0
0.36000 -0.14000 0.00000 0
0.89000 0.11000 0.25000 0
0.61000 0.39000 0.25000 0
0.64000 0.14000 0.50000 0
0.36000 -0.14000 0.50000 0
0.89000 0.11000 0.75000 0
0.61000 0.39000 0.75000 0
0.64000 0.64000 0.00000 0
0.36000 0.36000 0.00000 0
0.89000 0.61000 0.25000 0
0.61000 0.89000 0.25000 0
0.64000 0.64000 0.50000 0
0.36000 0.36000 0.50000 0
0.89000 0.61000 0.75000 0
0.61000 0.89000 0.75000 0
