9.88 0.0 0.0
0.0 9.88 0.0
0.0 0.0 5.92
0.00000 0.00000 0.00000 0
0.25000 0.25000 0.25000 0
0.00000 0.00000 0.50000 0
0.25000 0.25000 0.75000 0
0.00000 0.50000 0.00000 0
0.25000 0.75000 0.25000 0
0.00000 0.50000 0.50000 0
0.25000 0.75000 0.75000 0
0.50000 0.00000 0.00000 0
0.75000 0.25000 0.25000 0
0.50000 0.00000 0.50000 0
0.75000 0.25000 0.75000 0
0.50000 0.50000 0.00000 0
0.75000 0.75000 0.25000 0
0.50000 0.50000 0.50000 0
0.75000 0.75000 0.75000 0
0.14500 0.14500 0.00000 0
-0.14500 -0.14500 0.00000 0
0.39500 0.10500 0.25000 0
0.10500 0.39500 0.25000 0
0.14500 0.14500 0.50000 0
-0.14500 -0.14500 0.50000 0
0.39500 0.10500 0.75000 0
0.10500 0.39500 0.75000 0
0.14500 0.64500 0.00000 0
-0.14500 0.35500 0.00000 0
0.39500 0.60500 0.25000 0
0.10500 0.89500 0.25000 0
0.14500 0.64500 0.50000 0
-0.14500 0.35500 0.50000 0
0.39500 0.60500 0.75000 0
0.10500 0.89500 0.75000 0
0.64500 0.14500 0.00000 0
0.35500 -0.14500 0.00000 0
0.89500 0.10500 0.25000 0
0.60500 0.39500 0.25000 0
0.64500 0.14500 0.50000 0
0.35500 -0.14500 0.50000 0
0.89500 0.10500 0.75000 0
0.60500 0.39500 0.75000 0
0.64500 0.64500 0.00000 0
0.35500 0.35500 0.00000 0
0.89500 0.60500 0.25000 0
0.60500 0.89500 0.25000 0
0.64500 0.64500 0.50000 0
0.35500 0.35500 0.50000 0
0.89500 0.60500 0.75000 0
0.60500 0.89500 0.75000 0
