8.76 0.0 0.0
0.0 8.76 0.0
0.0 0.0 5.8
0.00000 0.00000 0.00000 1
0.25000 0.25000 0.25000 1
0.00000 0.00000 0.50000 1
0.25000 0.25000 0.75000 1
0.00000 0.50000 0.00000 1
0.25000 0.75000 0.25000 1
0.00000 0.50000 0.50000 1
0.25000 0.75000 0.75000 1
0.50000 0.00000 0.00000 1
0.75000 0.25000 0.25000 1
0.50000 0.00000 0.50000 1
0.75000 0.25000 0.75000 1
0.50000 0.50000 0.00000 1
0.75000 0.75000 0.25000 1
0.50000 0.50000 0.50000 1
0.75000 0.75000 0.75000 1
0.15000 0.15000 0.00000 0
-0.15000 -0.15000 0.00000 0
0.40000 0.10000 0.25000 0
0.10000 0.40000 0.25000 0
0.15000 0.15000 0.50000 0
-0.15000 -0.15000 0.50000 0
0.40000 0.10000 0.75000 0
0.10000 0.40000 0.75000 0
0.15000 0.65000 0.00000 0
-0.15000 0.35000 0.00000 0
0.40000 0.60000 0.25000 0
0.10000 0.90000 0.25000 0
0.15000 0.65000 0.50000 0
-0.15000 0.35000 0.50000 0
0.40000 0.60000 0.75000 0
0.10000 0.90000 0.75000 0
0.65000 0.15000 0.00000 0
0.35000 -0.15000 0.00000 0
0.90000 0.10000 0.25000 0
0.60000 0.40000 0.25000 0
0.65000 0.15000 0.50000 0
0.35000 -0.15000 0.50000 0
0.90000 0.10000 0.75000 0
0.60000 0.40000 0.75000 0
0.65000 0.65000 0.00000 0
0.35000 0.35000 0.00000 0
0.90000 0.60000 0.25000 0
0.60000 0.90000 0.25000 0
0.65000 0.65000 0.50000 0
0.35000 0.35000 0.50000 0
0.90000 0.60000 0.75000 0
0.60000 0.90000 0.75000 0
